### List data below in tabular form
###
### 	Wavel		Elower	 	Elimit		Eupper		Elimit         llow  lupp  Jlow Jupp
###    	(angst)		(cm^-1)		(cm^-1)		(cm^-1)		(cm^-1)
###
Ti 1   9546.0775   6742.7560    55932.5    17215.3900    55072.5          0   1   4.0    5.0
Ti 1   9599.5927   6661.0060    55932.5    17075.2580    55072.5          0   1   3.0    4.0
Ti 1   9638.3006   6842.9620    55932.5    17215.3900    55072.5          0   1   5.0    5.0
Ti 1   9647.3700   6598.7650    55932.5    16961.4420    55072.5          0   1   2.0    3.0
Ti 1   9675.5442   6742.7560    55932.5    17075.2580    55072.5          0   1   4.0    4.0
Ti 1   9688.8700   6556.8330    55932.5    16875.1240    55072.5          0   1   1.0    2.0
Ti 1   9705.6650   6661.0060    55932.5    16961.4420    55072.5          0   1   3.0    3.0
Ti 1   9728.4050   6598.7650    55932.5    16875.1240    55072.5          0   1   2.0    2.0
Ti 1   9743.6059   6556.8330    55932.5    16817.1600    55072.5          0   1   1.0    1.0
Ti 1   9770.2982   6842.9620    55932.5    17075.2580    55072.5          0   1   5.0    4.0
Ti 1   9783.3111   6742.7560    55932.5    16961.4420    55072.5          0   1   4.0    3.0
Ti 1   9783.5897   6598.7650    55932.5    16817.1600    55072.5          0   1   2.0    1.0
Ti 1   9787.6864   6661.0060    55932.5    16875.1240    55072.5          0   1   3.0    2.0
end
