c  
c d-f data from Barklem, O'Mara and Ross, 1998, MNRAS, 296, 1057
c
807   873   958   1058  1174  1306  1452  1614  1792  1979  2120  2203  2461  2604  2763  2756  2783  3155  3215  3462  3149  2495  4399  4551  4679  4980  5097  5532  
797   866   952   1051  1172  1299  1450  1606  1776  1966  2114  2196  2451  2600  2763  2766  2783  3142  3199  3438  3140  2472  4382  4530  4668  4973  5096  5524  
781   847   934   1029  1148  1275  1415  1596  1750  1943  2099  2187  2436  2594  2766  2777  2795  3122  3178  3423  3127  2438  4355  4507  4668  4967  5096  5511  
766   831   914   1010  1124  1239  1398  1563  1729  1912  2083  2179  2426  2585  2775  2790  2808  3106  3144  3407  3095  2421  4317  4476  4661  4958  5101  5502  
750   814   896   986   1096  1200  1354  1530  1718  1874  2060  2170  2413  2574  2779  2809  2819  3103  3124  3356  3046  2413  4274  4452  4655  4940  5106  5499  
733   796   872   949   1049  1166  1326  1501  1670  1851  2026  2164  2396  2562  2779  2827  2831  3099  3106  3349  3041  2354  4238  4433  4653  4922  5114  5503  
725   786   852   936   1011  1128  1302  1472  1648  1844  1978  2158  2371  2548  2778  2839  2847  3102  3089  3299  2975  2335  4236  4434  4650  4895  5124  5509  
708   782   847   912   1001  1092  1269  1418  1605  1786  1950  2139  2334  2532  2775  2847  2863  3104  3080  3305  2977  2288  4226  4433  4630  4856  5136  5513  
757   721   837   907   1010  1065  1211  1401  1599  1774  1972  2098  2312  2528  2781  2856  2891  3121  3093  3269  2919  2281  4165  4392  4595  4830  5172  5547  
868   882   819   869   1002  1098  1164  1368  1526  1735  1895  2029  2288  2533  2775  2843  2902  3123  3065  3264  2905  2206  4168  4328  4535  4825  5216  5536  
969   966   934   937   917   1129  1193  1287  1507  1679  1821  2020  2271  2524  2732  2785  2881  3084  3043  3190  2852  2208  4189  4350  4515  4817  5220  5499  
1078  1043  1055  1007  1013  1021  1199  1325  1423  1667  1817  1987  2241  2492  2671  2718  2852  3035  3007  3189  2798  2096  4118  4361  4552  4830  5210  5464  
1173  1172  1127  1154  1103  1099  1168  1287  1442  1580  1704  1881  2136  2400  2560  2648  2831  2994  2982  3182  2687  2132  4069  4243  4497  4802  5154  5403  
1285  1278  1268  1224  1252  1229  1116  1343  1380  1593  1709  1873  2053  2308  2484  2606  2812  2932  2971  3157  2718  1958  4094  4216  4393  4687  5066  5355  
1439  1408  1421  1380  1382  1341  1360  1192  1447  1454  1674  1873  2068  2245  2432  2609  2811  2878  2974  3177  2690  1995  4034  4212  4375  4586  4965  5318  
1572  1545  1553  1516  1481  1502  1468  1348  1373  1560  1585  1781  2072  2300  2490  2625  2753  2832  3035  3194  2750  2223  4065  4228  4364  4559  4956  5330  
1698  1700  1694  1640  1616  1651  1566  1599  1374  1546  1698  1749  1988  2288  2510  2593  2688  2773  3023  3200  2771  2244  4117  4329  4451  4642  4956  5340  
1870  1840  1786  1752  1776  1756  1666  1731  1522  1533  1706  1816  1927  2194  2435  2573  2665  2742  3025  3208  2730  2232  4057  4206  4418  4706  4961  5343  
1858  1838  1839  1865  1857  1785  1745  1798  1640  1582  1681  1838  1947  2179  2304  2487  2601  2711  3038  3156  2673  2257  4094  4230  4450  4671  4978  5356  
1992  1964  1936  1900  1859  1843  1898  1871  1718  1650  1731  1833  2079  2288  2487  2527  2484  2675  3075  3159  2720  2324  4133  4364  4499  4659  5089  5350  
1940  1924  1918  1932  1954  1968  1939  1848  1731  1713  1805  1902  2082  2260  2559  2642  2644  2644  2980  3137  2725  2304  4116  4297  4494  4669  4901  5347  
2114  2106  2101  2099  2077  2026  1900  1831  1796  1812  1903  1988  2185  2337  2465  2727  2764  2675  2986  3044  2642  2247  4046  4239  4448  4687  5015  5142  
2636  2623  2600  2576  2542  2500  2436  2402  2434  2440  2335  2163  2057  2205  2399  2545  2738  2694  2902  2874  2625  2423  4077  4320  4580  4770  5102  5371  
2779  2767  2753  2736  2725  2704  2659  2623  2604  2656  2607  2476  2275  2260  2420  2518  2768  2713  2775  2793  2678  2540  4037  4284  4545  4779  5082  5384  
2951  2941  2924  2912  2902  2906  2885  2858  2818  2853  2847  2779  2575  2438  2423  2491  2694  2712  2555  2730  2752  2662  3909  4187  4504  4754  5065  5367  
3222  3213  3206  3201  3193  3187  3171  3152  3085  3061  3132  3095  2935  2713  2599  2621  2681  2708  2465  2735  2905  2894  3705  4048  4439  4729  5066  5344  
3463  3444  3435  3432  3441  3452  3449  3414  3375  3375  3347  3381  3305  3167  2919  2795  2751  2767  2590  2822  3134  3187  3634  3957  4252  4635  5037  5297  
3724  3703  3686  3678  3687  3717  3734  3723  3682  3657  3659  3608  3590  3479  3219  3078  2953  2908  2788  2948  3294  3437  3519  3819  4225  4492  4917  5228  
4085  4077  4069  4073  4094  4132  4147  4148  4139  4110  4070  3999  3929  3878  3622  3421  3267  3170  3102  3115  3537  3805  3459  3830  4195  4507  4859  5077  
4338  4341  4349  4367  4397  4433  4435  4438  4435  4409  4347  4304  4165  4072  3796  3614  3530  3351  3343  3135  3377  3791  3319  3591  4016  4319  4758  4824  
3936  3955  3976  4003  4037  4073  4063  4080  4094  4062  4026  3976  3875  3789  3621  3393  3420  3271  3327  3014  2805  3124  3254  3382  3701  4006  4444  4578  
2929  2942  2970  3012  3050  3084  3112  3145  3189  3211  3185  3202  3194  3183  3165  3003  3083  3028  3053  2885  2332  2292  3357  3398  3608  3844  4243  4454  
5157  5138  5109  5084  5070  5081  5090  5080  5097  5094  5054  5044  4955  4928  4724  4574  4525  4265  4330  4117  3903  4122  3547  3448  3531  3660  4033  3993  
c        
.294  .286  .299  .300  .306  .309  .310  .310  .316  .318  .325  .351  .363  .369  .371  .379  .373  .351  .334  .415  .574  .715  .447  .499  .534  .538  .532  .588  
.294  .295  .301  .302  .311  .315  .314  .314  .319  .320  .324  .348  .360  .365  .367  .374  .368  .349  .332  .415  .577  .716  .448  .499  .533  .536  .531  .588  
.285  .297  .301  .303  .311  .322  .320  .318  .324  .322  .323  .345  .355  .357  .361  .367  .360  .342  .331  .416  .579  .719  .448  .497  .530  .532  .527  .588  
.289  .294  .306  .315  .322  .329  .325  .324  .329  .323  .321  .342  .350  .351  .353  .360  .358  .336  .329  .415  .583  .722  .447  .496  .527  .528  .522  .586  
.292  .299  .306  .321  .327  .336  .333  .329  .330  .320  .321  .338  .343  .343  .344  .351  .352  .332  .325  .410  .585  .724  .446  .493  .523  .522  .517  .581  
.290  .298  .308  .323  .335  .339  .334  .332  .326  .322  .318  .333  .336  .335  .335  .344  .344  .328  .315  .408  .585  .731  .444  .490  .517  .517  .512  .574  
.296  .301  .311  .321  .340  .338  .333  .326  .325  .318  .317  .324  .329  .329  .329  .336  .336  .325  .307  .410  .578  .733  .439  .485  .512  .511  .507  .569  
.318  .313  .317  .327  .334  .344  .339  .327  .322  .318  .312  .317  .318  .322  .321  .326  .326  .316  .315  .399  .576  .726  .428  .475  .502  .503  .501  .560  
.333  .328  .339  .325  .359  .350  .331  .324  .321  .311  .309  .310  .311  .316  .314  .317  .320  .313  .316  .390  .582  .723  .419  .463  .491  .493  .495  .553  
.273  .272  .322  .411  .317  .339  .359  .327  .324  .311  .308  .325  .322  .315  .318  .319  .324  .314  .315  .418  .581  .746  .424  .461  .486  .490  .497  .553  
.297  .295  .273  .301  .436  .324  .354  .335  .326  .311  .313  .329  .323  .324  .325  .323  .329  .313  .314  .431  .582  .754  .441  .468  .491  .494  .500  .555  
.283  .295  .295  .280  .299  .437  .322  .348  .331  .318  .320  .331  .334  .334  .334  .331  .332  .309  .309  .411  .627  .732  .459  .489  .503  .503  .511  .559  
.280  .278  .284  .296  .278  .320  .444  .318  .319  .324  .328  .338  .347  .345  .344  .336  .328  .299  .301  .398  .636  .765  .467  .512  .528  .523  .523  .562  
.279  .272  .266  .273  .284  .267  .342  .389  .322  .308  .317  .324  .343  .348  .346  .336  .310  .286  .294  .401  .586  .827  .453  .519  .547  .543  .535  .559  
.277  .266  .259  .266  .275  .263  .294  .408  .336  .323  .299  .308  .330  .334  .344  .327  .315  .280  .291  .399  .556  .787  .430  .497  .547  .553  .539  .548  
.269  .262  .257  .260  .273  .273  .262  .374  .409  .297  .311  .293  .312  .331  .328  .321  .306  .269  .282  .389  .556  .699  .427  .477  .524  .546  .541  .548  
.271  .266  .262  .264  .274  .269  .261  .322  .351  .358  .293  .325  .310  .318  .320  .315  .290  .268  .278  .393  .549  .645  .422  .476  .515  .531  .532  .545  
.275  .276  .271  .276  .278  .269  .263  .295  .393  .340  .318  .286  .320  .329  .316  .302  .279  .261  .279  .391  .528  .611  .409  .444  .485  .517  .522  .529  
.290  .288  .278  .279  .265  .259  .253  .296  .384  .311  .325  .301  .274  .294  .315  .309  .281  .246  .272  .375  .504  .587  .383  .437  .469  .489  .505  .515  
.278  .271  .260  .256  .246  .251  .268  .316  .373  .310  .293  .305  .296  .282  .279  .290  .292  .266  .274  .364  .491  .576  .373  .431  .490  .519  .509  .504  
.257  .250  .248  .253  .255  .272  .296  .341  .365  .297  .273  .284  .287  .289  .290  .283  .287  .283  .302  .405  .519  .596  .403  .448  .482  .524  .554  .541  
.337  .337  .342  .349  .360  .383  .404  .408  .387  .308  .284  .293  .295  .294  .305  .304  .295  .294  .339  .461  .596  .665  .445  .482  .504  .521  .565  .601  
.246  .244  .238  .232  .229  .233  .229  .247  .248  .274  .320  .347  .292  .269  .272  .270  .297  .331  .363  .398  .416  .407  .360  .386  .415  .451  .469  .468  
.232  .229  .224  .221  .221  .220  .219  .240  .235  .252  .288  .315  .353  .272  .261  .265  .293  .367  .417  .416  .392  .355  .368  .387  .408  .436  .468  .471  
.233  .231  .227  .224  .222  .217  .219  .235  .252  .243  .259  .298  .341  .350  .264  .256  .290  .397  .424  .438  .348  .313  .408  .405  .410  .429  .464  .480  
.241  .238  .233  .227  .223  .219  .223  .239  .257  .247  .262  .269  .307  .352  .345  .265  .263  .363  .447  .402  .319  .291  .447  .446  .433  .435  .465  .481  
.237  .239  .235  .230  .224  .221  .225  .240  .255  .252  .257  .275  .295  .328  .359  .341  .275  .311  .390  .378  .320  .292  .447  .456  .459  .454  .471  .483  
.234  .236  .235  .233  .228  .225  .228  .237  .245  .248  .251  .260  .277  .317  .348  .369  .339  .329  .391  .415  .338  .290  .474  .459  .461  .477  .503  .509  
.268  .269  .267  .264  .259  .255  .253  .255  .256  .256  .270  .277  .281  .308  .345  .365  .372  .375  .444  .459  .401  .326  .503  .507  .493  .503  .553  .584  
.348  .346  .344  .340  .334  .333  .330  .329  .332  .332  .342  .348  .349  .366  .383  .395  .401  .395  .469  .551  .534  .450  .548  .577  .565  .553  .588  .667  
.559  .554  .547  .543  .534  .525  .517  .506  .494  .481  .487  .496  .490  .485  .483  .482  .464  .432  .485  .624  .664  .649  .667  .658  .633  .613  .631  .726  
.846  .835  .824  .810  .795  .777  .754  .724  .694  .664  .650  .642  .614  .593  .565  .527  .485  .443  .469  .644  .758  .771  .687  .709  .699  .669  .666  .754  
.487  .484  .480  .477  .478  .474  .471  .466  .462  .444  .442  .439  .433  .438  .442  .449  .452  .446  .508  .616  .637  .601  .631  .594  .577  .618  .701  .797  

