c  
c  This is the s-p data from Anstee and O'Mara 1995, MNRAS 276,859
c  
126   138   165   200   249   296   338   383   435   490   552   617   685   769   837   925   1010  1082  1163  1236  1300  1319  1722  1852  1808  1940  2218  2446  2592  2756  2961  3413  3735  4076  4451  4866  5190  5538  5672  5650  5297  4572  5932  
138   149   162   185   220   268   326   384   440   500   556   620   700   764   838   923   1024  1085  1168  1241  1301  1321  1730  1846  1789  1924  2208  2480  2586  2754  2961  3419  3723  4070  4472  4851  5207  5522  5641  5638  5300  4579  5950  
154   165   175   191   216   251   298   356   423   487   548   616   683   759   834   909   1014  1064  1158  1230  1286  1302  1716  1826  1793  1908  2185  2464  2561  2739  2937  3415  3719  4066  4449  4824  5211  5475  5597  5602  5282  4566  5904  
166   180   191   205   226   253   290   338   396   459   531   600   676   754   831   895   1001  1055  1157  1229  1279  1297  1687  1812  1779  1918  2165  2448  2570  2711  2917  3396  3679  4022  4415  4820  5198  5433  5588  5602  5255  4542  5889  
208   193   206   222   242   265   295   335   384   444   510   582   656   725   817   889   988   1044  1127  1221  1263  1278  1675  1787  1763  1925  2159  2425  2576  2657  2902  3375  3668  4023  4419  4821  5164  5403  5591  5599  5227  4513  5898  
262   254   219   238   261   283   310   344   387   442   496   568   634   724   791   890   969   1036  1125  1218  1275  1278  1673  1784  1772  1900  2178  2398  2584  2634  2892  3362  3596  3971  4388  4784  5120  5391  5601  5598  5258  4493  5883  
310   307   298   251   279   303   329   360   395   442   500   562   629   703   795   880   950   1033  1127  1219  1291  1271  1651  1754  1751  1909  2192  2375  2590  2623  2894  3359  3599  3951  4351  4748  5102  5401  5614  5598  5222  4504  5870  
357   359   350   339   293   323   352   381   416   454   511   566   635   706   780   859   945   1039  1133  1215  1293  1262  1634  1752  1773  1929  2164  2379  2585  2612  2954  3364  3615  3996  4391  4776  5129  5430  5625  5595  5213  4503  5860  
410   411   403   393   367   339   374   406   439   478   524   580   644   713   790   873   960   1049  1139  1218  1259  1276  1590  1715  1753  1907  2155  2412  2562  2608  2965  3378  3614  4020  4438  4829  5174  5459  5631  5590  5211  4493  5847  
464   463   459   449   446   396   393   431   466   501   545   595   649   711   785   872   963   1049  1147  1218  1309  1303  1619  1745  1797  1955  2203  2424  2516  2612  2992  3383  3612  4031  4454  4853  5198  5471  5630  5581  5202  4433  5832  
521   527   527   526   516   513   435   454   494   531   564   620   671   740   813   873   951   1034  1138  1231  1299  1314  1625  1763  1803  1959  2200  2387  2490  2642  2995  3340  3614  4046  4466  4860  5197  5464  5627  5575  5204  4442  5814  
588   592   590   582   582   562   560   482   516   559   600   643   691   752   821   904   978   1048  1121  1234  1328  1326  1634  1767  1831  1949  2162  2347  2504  2707  3014  3371  3637  4067  4487  4866  5198  5468  5611  5564  5195  4435  5784  
657   655   667   653   648   654   648   588   549   591   638   673   728   782   832   902   992   1084  1140  1225  1315  1364  1630  1773  1864  2015  2198  2386  2558  2745  3020  3320  3647  4082  4497  4866  5190  5435  5588  5556  5172  4434  5758  
737   740   746   727   720   726   700   729   626   621   667   720   764   809   887   937   1001  1108  1166  1222  1315  1386  1643  1759  1838  2049  2278  2485  2630  2803  3022  3320  3723  4125  4547  4873  5208  5440  5582  5549  5168  4434  5732  
838   835   809   809   791   802   773   809   757   678   703   755   806   854   900   973   1034  1105  1209  1245  1313  1413  1655  1763  1866  2032  2299  2537  2678  2819  3025  3312  3746  4158  4571  4877  5221  5439  5562  5525  5173  4422  5682  
943   946   927   901   918   896   922   896   933   889   784   796   859   907   976   1020  1114  1173  1223  1321  1354  1468  1700  1773  1900  2069  2324  2552  2687  2840  3009  3297  3824  4202  4573  4909  5243  5472  5577  5528  5159  4377  5659  
1060  1060  1056  1063  1070  1032  1038  1031  993   1037  932   851   877   943   1003  1073  1130  1200  1230  1332  1379  1484  1676  1774  1933  2127  2321  2491  2680  2773  2969  3268  3782  4184  4581  4915  5189  5392  5587  5524  5141  4344  5662  
1071  1075  1080  1095  1103  1091  1120  1151  1102  1149  1157  1036  972   1007  1064  1123  1208  1283  1358  1377  1464  1494  1695  1804  1973  2188  2393  2633  2683  2842  3008  3292  3836  4227  4611  4968  5266  5509  5584  5514  5143  4382  5670  
1340  1349  1357  1350  1326  1299  1309  1320  1257  1239  1297  1232  1088  1059  1106  1180  1218  1317  1371  1399  1518  1517  1694  1857  2044  2233  2403  2522  2721  2803  3034  3284  3734  4139  4504  4866  5160  5430  5600  5517  5115  4356  5655  
1411  1397  1368  1332  1316  1310  1335  1355  1317  1286  1353  1385  1278  1158  1140  1188  1260  1335  1440  1464  1542  1507  1742  1867  2048  2236  2415  2579  2744  2754  2952  3249  3593  3977  4356  4702  5055  5271  5434  5422  5050  4310  5618  
1327  1331  1345  1367  1405  1449  1499  1527  1505  1476  1521  1593  1572  1435  1328  1324  1381  1446  1494  1548  1605  1656  1954  2057  2143  2291  2489  2653  2769  2961  3028  3303  3694  4011  4365  4691  5031  5336  5443  5452  5098  4363  5694  
1789  1791  1806  1826  1835  1849  1860  1842  1790  1736  1735  1792  1823  1722  1578  1496  1474  1562  1571  1621  1677  1867  2020  2224  2289  2383  2521  2622  2782  3027  3165  3359  3749  4074  4380  4691  4970  5281  5461  5444  5093  4340  5706  
2189  2166  2147  2121  2103  2081  2042  1982  1907  1849  1841  1885  1934  1891  1766  1641  1551  1572  1616  1684  1760  1878  1956  2120  2298  2418  2499  2596  2771  2899  3188  3337  3631  3965  4314  4579  4841  5117  5334  5303  4945  4194  5571  
2048  2022  1999  1991  1983  1956  1915  1863  1818  1794  1806  1864  1937  1960  1901  1764  1650  1581  1612  1679  1750  1733  2020  1990  2156  2367  2494  2580  2758  2811  3133  3298  3461  3826  4158  4507  4716  4965  5182  5139  4765  4040  5472  
1744  1748  1756  1763  1762  1749  1741  1744  1762  1798  1853  1931  2013  2077  2059  1959  1839  1715  1692  1722  1735  1699  2128  2097  2111  2286  2420  2579  2754  2879  3136  3375  3483  3769  4080  4418  4684  4830  5042  5056  4722  4047  5488  
1795  1776  1775  1810  1857  1886  1901  1917  1945  1989  2049  2129  2222  2303  2329  2297  2182  2051  1957  1912  1886  1870  2232  2351  2259  2361  2541  2663  2892  3035  3256  3530  3680  3901  4150  4496  4689  4930  5135  5132  4822  4165  5618  
2157  2151  2165  2198  2238  2266  2280  2300  2336  2387  2447  2518  2594  2671  2700  2686  2587  2453  2337  2256  2180  2186  2354  2587  2560  2559  2663  2782  3026  3205  3390  3702  3902  4099  4292  4566  4767  4936  5158  5189  4934  4334  5736  
2779  2775  2781  2796  2820  2846  2862  2878  2907  2946  2991  3042  3093  3136  3158  3133  3062  2927  2801  2700  2594  2591  2571  2768  2854  2823  2871  3018  3217  3399  3522  3822  4103  4306  4491  4684  4896  4979  5173  5225  5015  4475  5842  
3443  3440  3439  3445  3464  3498  3525  3539  3553  3572  3593  3618  3640  3642  3643  3601  3549  3418  3296  3177  3057  3034  2875  2956  3089  3092  3123  3311  3454  3631  3645  3864  4260  4472  4669  4824  5035  5078  5201  5245  5053  4558  5907  
4038  4042  4046  4057  4083  4129  4169  4185  4183  4180  4177  4174  4168  4137  4108  4055  4008  3878  3764  3633  3512  3475  3224  3191  3287  3325  3360  3563  3684  3888  3776  3849  4377  4579  4785  4934  5138  5201  5253  5270  5072  4600  5910  
4555  4567  4582  4599  4635  4689  4735  4752  4738  4713  4688  4660  4630  4575  4522  4464  4407  4284  4164  4033  3917  3888  3574  3468  3486  3519  3553  3733  3856  4121  3925  3820  4470  4631  4833  4979  5182  5294  5308  5303  5092  4628  5845  
5005  5018  5038  5057  5098  5152  5195  5208  5185  5141  5095  5047  4998  4930  4861  4799  4728  4623  4487  4362  4253  4249  3886  3755  3702  3694  3711  3841  3956  4279  4075  3816  4558  4650  4829  4958  5161  5327  5337  5324  5111  4653  5724  
5373  5382  5400  5419  5456  5501  5535  5539  5508  5449  5382  5319  5257  5181  5110  5040  4962  4878  4734  4613  4513  4536  4138  4016  3920  3865  3861  3917  4003  4342  4195  3847  4639  4668  4791  4898  5081  5294  5321  5303  5102  4658  5570  
5630  5634  5648  5669  5699  5731  5749  5738  5696  5628  5544  5464  5390  5311  5241  5169  5089  5023  4892  4773  4686  4726  4310  4220  4119  4031  3998  3967  4020  4317  4259  3896  4690  4690  4727  4821  4944  5186  5239  5214  5030  4612  5396  
5752  5755  5772  5794  5812  5824  5818  5789  5737  5662  5570  5476  5386  5309  5234  5171  5084  5037  4930  4824  4754  4798  4379  4326  4264  4161  4089  3978  4013  4229  4253  3932  4690  4695  4660  4723  4770  5000  5080  5046  4874  4486  5188  
6050  6050  6047  6038  6035  6032  6020  5985  5929  5851  5759  5663  5566  5465  5387  5319  5254  5215  5127  5034  4989  4992  4601  4507  4500  4399  4300  4174  4108  4267  4334  4021  4702  4728  4697  4672  4713  4899  4932  4902  4760  4429  5071  
6061  6063  6062  6055  6047  6033  6008  5964  5902  5824  5733  5637  5536  5437  5351  5284  5220  5194  5127  5051  5023  5008  4685  4566  4597  4532  4428  4265  4171  4261  4345  4062  4653  4721  4682  4642  4607  4755  4757  4693  4542  4244  4882  
6005  6009  6013  6010  5999  5974  5937  5885  5820  5743  5656  5563  5465  5371  5280  5213  5144  5126  5075  5017  5003  4981  4731  4597  4646  4624  4525  4340  4242  4284  4370  4101  4591  4693  4670  4630  4537  4633  4595  4484  4305  4023  4675  
5909  5913  5920  5918  5905  5869  5821  5762  5695  5621  5539  5454  5361  5277  5187  5118  5042  5027  4984  4942  4940  4920  4736  4607  4655  4671  4586  4394  4311  4328  4417  4146  4537  4656  4655  4628  4503  4545  4465  4296  4072  3786  4452  
5788  5790  5795  5792  5776  5732  5674  5607  5539  5468  5392  5316  5232  5159  5075  5006  4925  4910  4868  4839  4845  4830  4700  4596  4637  4682  4616  4426  4371  4383  4482  4204  4506  4625  4639  4632  4496  4492  4378  4146  3865  3555  4223  
5646  5645  5647  5640  5620  5571  5505  5431  5360  5292  5223  5156  5083  5020  4948  4882  4799  4784  4741  4719  4729  4719  4631  4558  4599  4666  4624  4442  4418  4435  4560  4277  4504  4613  4629  4641  4506  4470  4334  4045  3699  3347  4003  
5485  5481  5478  5467  5443  5391  5320  5241  5167  5100  5036  4978  4914  4862  4802  4745  4664  4649  4611  4590  4601  4594  4533  4491  4541  4628  4610  4445  4449  4473  4636  4359  4530  4627  4632  4656  4525  4469  4326  3992  3583  3177  3807  
5302  5296  5290  5275  5248  5193  5119  5037  4960  4893  4833  4779  4726  4685  4634  4591  4515  4502  4473  4454  4465  4458  4409  4390  4462  4567  4571  4430  4461  4488  4694  4439  4580  4666  4655  4678  4551  4480  4342  3983  3519  3052  3649  
5095  5090  5082  5060  5029  4973  4896  4815  4736  4668  4610  4558  4512  4483  4441  4414  4344  4336  4318  4304  4315  4306  4260  4251  4351  4473  4497  4391  4446  4470  4715  4500  4639  4720  4701  4708  4587  4498  4372  4005  3501  2975  3540  
4856  4851  4842  4813  4776  4715  4640  4561  4484  4414  4355  4304  4263  4244  4213  4197  4139  4136  4130  4125  4136  4125  4082  4069  4197  4337  4380  4313  4391  4407  4681  4517  4685  4779  4762  4749  4635  4522  4411  4048  3519  2939  3488  
4735  4723  4706  4678  4649  4598  4532  4460  4389  4325  4270  4223  4189  4177  4156  4154  4105  4108  4113  4112  4129  4075  4080  4010  4132  4313  4400  4346  4450  4424  4725  4593  4757  4860  4848  4847  4703  4619  4505  4128  3570  2957  3496  
c
.268  .268  .333  .377  .322  .284  .277  .268  .268  .270  .264  .262  .260  .262  .254  .253  .249  .246  .244  .256  .261  .281  .265  .262  .260  .256  .237  .190  .176  .141  .121  .183  .141  .148  .181  .221  .261  .315  .396  .512  .651  .802  .723  
.259  .257  .262  .286  .325  .350  .325  .296  .279  .270  .263  .265  .267  .266  .261  .264  .265  .264  .252  .265  .263  .282  .267  .267  .262  .262  .240  .200  .183  .147  .124  .185  .142  .150  .184  .225  .263  .320  .401  .520  .656  .806  .728  
.268  .268  .252  .255  .258  .290  .322  .341  .317  .302  .287  .279  .280  .275  .272  .278  .278  .274  .263  .278  .269  .285  .273  .269  .264  .266  .240  .208  .188  .152  .130  .191  .150  .156  .190  .232  .269  .323  .407  .523  .662  .812  .732  
.270  .271  .261  .253  .253  .249  .266  .292  .316  .325  .313  .303  .298  .289  .283  .286  .285  .277  .267  .284  .271  .290  .274  .272  .270  .270  .246  .212  .190  .156  .133  .194  .157  .161  .196  .234  .271  .325  .411  .527  .668  .820  .737  
.329  .270  .265  .257  .252  .245  .243  .250  .277  .291  .293  .301  .300  .303  .286  .285  .284  .277  .269  .281  .267  .292  .273  .275  .271  .270  .244  .213  .187  .152  .130  .194  .154  .159  .196  .235  .269  .325  .411  .532  .663  .820  .744  
.266  .301  .267  .262  .255  .245  .241  .241  .240  .249  .267  .281  .290  .292  .280  .278  .276  .272  .260  .279  .262  .288  .269  .275  .268  .264  .243  .214  .186  .147  .127  .192  .147  .151  .191  .230  .266  .322  .410  .531  .667  .824  .748  
.259  .268  .274  .259  .258  .255  .248  .242  .236  .238  .241  .250  .261  .269  .269  .265  .265  .263  .250  .269  .259  .287  .260  .270  .261  .259  .243  .213  .185  .145  .114  .188  .140  .147  .186  .226  .263  .324  .409  .530  .673  .821  .749  
.254  .252  .267  .271  .256  .254  .246  .241  .237  .234  .234  .232  .241  .245  .251  .250  .250  .254  .243  .261  .250  .281  .261  .271  .261  .263  .244  .220  .180  .143  .119  .191  .139  .148  .186  .224  .264  .324  .413  .529  .673  .819  .749  
.246  .254  .253  .246  .313  .246  .256  .245  .238  .237  .233  .235  .226  .231  .236  .238  .244  .243  .238  .259  .252  .281  .252  .268  .268  .263  .247  .211  .173  .138  .115  .183  .138  .150  .187  .223  .264  .328  .416  .528  .672  .839  .749  
.250  .248  .249  .248  .228  .318  .246  .251  .240  .234  .234  .235  .227  .229  .226  .233  .228  .239  .236  .254  .225  .274  .230  .249  .263  .257  .238  .211  .164  .131  .113  .215  .135  .151  .192  .231  .274  .334  .417  .529  .672  .846  .749  
.248  .245  .249  .236  .256  .239  .280  .253  .245  .240  .234  .228  .227  .227  .225  .223  .227  .229  .239  .240  .227  .249  .225  .223  .231  .238  .224  .200  .159  .133  .115  .207  .133  .153  .193  .234  .279  .337  .419  .532  .673  .839  .751  
.245  .241  .243  .239  .250  .229  .283  .250  .246  .246  .244  .236  .233  .233  .227  .225  .226  .232  .226  .228  .241  .239  .218  .224  .218  .215  .212  .193  .146  .142  .125  .196  .131  .157  .194  .235  .282  .342  .423  .535  .673  .839  .753  
.243  .241  .243  .236  .237  .249  .216  .325  .239  .246  .245  .238  .233  .230  .222  .226  .230  .218  .223  .234  .237  .250  .220  .226  .227  .205  .200  .172  .145  .141  .137  .206  .137  .161  .193  .235  .284  .345  .425  .534  .674  .839  .755  
.242  .244  .248  .240  .243  .250  .218  .256  .308  .231  .242  .244  .234  .230  .232  .223  .229  .225  .238  .225  .233  .263  .224  .241  .245  .218  .206  .180  .155  .146  .150  .216  .141  .158  .193  .238  .288  .347  .426  .535  .670  .836  .758  
.244  .243  .231  .226  .236  .251  .229  .220  .317  .275  .243  .251  .247  .240  .233  .240  .225  .226  .235  .228  .242  .269  .229  .246  .253  .242  .218  .194  .168  .162  .166  .228  .146  .167  .203  .244  .290  .348  .428  .537  .669  .837  .757  
.225  .224  .235  .229  .226  .234  .250  .224  .218  .299  .286  .238  .242  .243  .243  .233  .230  .237  .238  .231  .248  .236  .216  .225  .233  .242  .218  .214  .186  .180  .176  .236  .158  .174  .214  .254  .297  .353  .430  .536  .668  .828  .756  
.268  .260  .246  .238  .231  .240  .254  .247  .205  .229  .317  .259  .231  .238  .240  .238  .239  .239  .212  .243  .239  .221  .223  .223  .231  .225  .218  .204  .197  .188  .184  .237  .183  .192  .220  .267  .310  .356  .429  .532  .660  .822  .747  
.248  .246  .237  .225  .214  .219  .229  .227  .205  .192  .246  .317  .235  .219  .231  .233  .220  .230  .217  .217  .248  .213  .223  .232  .222  .224  .230  .201  .187  .189  .188  .235  .193  .200  .229  .267  .315  .360  .426  .523  .652  .814  .730  
.200  .201  .198  .193  .204  .207  .226  .224  .207  .184  .200  .273  .314  .228  .226  .231  .232  .235  .240  .228  .238  .222  .244  .227  .230  .236  .221  .221  .176  .189  .196  .242  .216  .222  .248  .279  .316  .371  .436  .528  .657  .819  .725  
.201  .208  .221  .226  .229  .245  .259  .256  .247  .224  .214  .248  .319  .323  .245  .243  .250  .252  .239  .271  .224  .223  .236  .246  .244  .246  .232  .240  .213  .190  .209  .258  .232  .252  .279  .311  .342  .385  .454  .548  .678  .837  .732  
.245  .247  .255  .265  .274  .285  .291  .285  .271  .249  .226  .237  .292  .355  .322  .259  .260  .268  .246  .298  .243  .249  .247  .253  .248  .243  .238  .235  .244  .192  .216  .265  .229  .260  .300  .334  .359  .394  .466  .562  .693  .845  .726  
.344  .339  .338  .336  .333  .325  .312  .306  .282  .259  .232  .228  .252  .307  .351  .302  .250  .255  .254  .277  .267  .249  .267  .247  .239  .236  .224  .218  .247  .198  .207  .256  .226  .247  .292  .338  .366  .397  .454  .555  .685  .827  .698  
.308  .300  .296  .297  .296  .297  .294  .275  .245  .230  .207  .201  .211  .256  .303  .336  .274  .234  .242  .236  .261  .252  .261  .251  .235  .233  .225  .208  .222  .207  .195  .237  .236  .237  .269  .325  .367  .393  .443  .533  .654  .786  .664  
.298  .295  .286  .276  .266  .250  .230  .212  .199  .189  .165  .155  .160  .181  .229  .273  .281  .225  .198  .190  .228  .234  .236  .222  .222  .221  .224  .194  .178  .201  .175  .198  .215  .231  .257  .297  .350  .388  .429  .499  .611  .734  .622  
.173  .173  .166  .158  .154  .151  .146  .142  .135  .122  .110  .114  .122  .139  .182  .219  .261  .251  .203  .162  .180  .190  .210  .207  .199  .208  .222  .196  .178  .194  .181  .199  .217  .224  .246  .283  .329  .382  .429  .493  .587  .698  .596  
.150  .143  .138  .127  .125  .120  .115  .110  .101  .089  .086  .091  .100  .107  .137  .175  .213  .252  .239  .185  .173  .164  .175  .187  .191  .176  .202  .199  .204  .213  .192  .199  .229  .244  .254  .283  .333  .372  .422  .496  .579  .684  .594  
.026  .023  .020  .011  .013  .014  .018  .018  .022  .027  .036  .049  .061  .073  .099  .134  .170  .212  .240  .218  .198  .159  .166  .167  .174  .177  .178  .186  .212  .233  .218  .227  .231  .262  .278  .290  .317  .355  .415  .498  .582  .675  .596  
.025  .024  .020  .014  .015  .012  .015  .023  .032  .041  .050  .059  .069  .080  .106  .139  .170  .205  .244  .251  .251  .224  .169  .177  .183  .187  .199  .189  .203  .265  .280  .271  .262  .285  .308  .327  .349  .365  .401  .483  .583  .679  .607  
.038  .038  .032  .024  .018  .016  .025  .037  .046  .053  .059  .068  .078  .091  .115  .146  .174  .203  .238  .254  .281  .275  .188  .175  .190  .189  .203  .213  .191  .268  .337  .328  .306  .315  .334  .353  .385  .414  .427  .477  .561  .661  .621  
.006  .003  .001  .004  .003  .003  .005  .020  .031  .043  .056  .069  .086  .105  .129  .157  .184  .211  .242  .255  .290  .304  .244  .208  .206  .200  .217  .232  .235  .276  .355  .421  .358  .365  .372  .388  .414  .456  .476  .522  .579  .657  .637  
.033  .031  .029  .029  .028  .026  .036  .056  .073  .090  .105  .120  .138  .157  .178  .202  .225  .250  .280  .289  .318  .342  .324  .288  .258  .237  .251  .258  .270  .328  .388  .494  .401  .431  .437  .442  .462  .498  .529  .574  .636  .705  .656  
.110  .110  .110  .111  .112  .115  .127  .145  .163  .181  .195  .209  .223  .237  .253  .270  .289  .307  .334  .342  .367  .391  .403  .378  .337  .294  .287  .293  .307  .375  .452  .528  .424  .479  .505  .511  .523  .552  .583  .616  .687  .767  .678  
.191  .192  .193  .195  .199  .206  .217  .231  .246  .264  .281  .295  .308  .319  .330  .343  .357  .370  .391  .402  .420  .440  .466  .459  .422  .369  .336  .335  .343  .401  .508  .574  .466  .507  .553  .573  .586  .613  .643  .669  .733  .821  .718  
.264  .264  .265  .269  .273  .281  .291  .304  .320  .338  .358  .374  .388  .398  .407  .416  .426  .438  .452  .465  .474  .491  .519  .528  .501  .454  .406  .388  .378  .426  .542  .637  .537  .554  .590  .622  .643  .674  .709  .737  .788  .876  .789  
.327  .328  .332  .336  .344  .354  .366  .382  .398  .415  .436  .457  .474  .484  .491  .500  .505  .517  .527  .537  .539  .555  .579  .593  .577  .542  .493  .461  .431  .461  .566  .689  .601  .631  .652  .673  .693  .730  .774  .811  .861  .944  .875  
.390  .391  .396  .405  .412  .424  .437  .451  .466  .483  .500  .521  .538  .548  .553  .558  .562  .569  .578  .583  .588  .601  .623  .639  .629  .604  .563  .530  .484  .490  .585  .716  .622  .690  .716  .723  .738  .776  .825  .869  .927  .005  .937  
.495  .496  .502  .510  .518  .531  .542  .554  .568  .581  .596  .614  .631  .642  .648  .651  .651  .656  .661  .664  .664  .678  .688  .702  .695  .676  .639  .611  .564  .552  .622  .743  .648  .728  .785  .802  .803  .831  .879  .928  .995  .076  .001  
.612  .614  .620  .627  .637  .649  .660  .671  .683  .695  .707  .721  .737  .749  .755  .758  .756  .757  .759  .759  .753  .767  .761  .771  .763  .745  .711  .690  .643  .626  .680  .786  .675  .749  .828  .870  .879  .901  .941  .988  .059  .145  .062  
.728  .730  .736  .745  .756  .768  .781  .792  .804  .814  .825  .837  .851  .862  .869  .871  .868  .866  .863  .861  .850  .861  .840  .844  .832  .813  .779  .761  .716  .700  .750  .848  .710  .769  .849  .913  .943  .972  .013  .055  .122  .208  .123  
.839  .842  .848  .858  .869  .884  .899  .912  .923  .932  .942  .952  .963  .972  .978  .980  .976  .972  .966  .962  .947  .954  .920  .915  .900  .878  .842  .824  .781  .765  .817  .920  .752  .795  .864  .933  .984  .028  .081  .125  .186  .266  .183  
.946  .949  .956  .966  .978  .994  .011  .025  .036  .044  .052  .059  .067  .073  .078  .079  .075  .068  .059  .055  .035  .040  .996  .984  .964  .940  .899  .877  .838  .819  .874  .987  .798  .828  .880  .943  .001  .060  .131  .187  .248  .316  .245  
.045  .049  .056  .068  .080  .097  .115  .129  .139  .146  .151  .156  .160  .164  .165  .165  .160  .152  .141  .137  .114  .117  .065  .048  .025  .997  .952  .925  .887  .864  .918  .042  .843  .864  .902  .952  .006  .073  .158  .231  .300  .358  .309  
.135  .140  .148  .160  .173  .190  .207  .221  .231  .237  .240  .242  .243  .243  .242  .239  .233  .224  .210  .207  .182  .182  .126  .105  .078  .049  .000  .967  .928  .901  .953  .081  .880  .898  .928  .966  .009  .073  .164  .252  .334  .390  .369  
.214  .219  .228  .242  .255  .271  .287  .300  .310  .316  .318  .318  .316  .312  .308  .302  .294  .283  .268  .265  .238  .237  .177  .154  .124  .092  .041  .005  .965  .932  .979  .106  .906  .924  .951  .982  .014  .068  .157  .253  .348  .410  .416  
.281  .287  .297  .311  .325  .341  .355  .368  .378  .384  .386  .384  .379  .372  .365  .356  .345  .333  .315  .313  .284  .280  .218  .192  .159  .126  .075  .037  .996  .956  .998  .121  .920  .939  .967  .995  .019  .061  .143  .241  .343  .418  .442  
.345  .351  .360  .373  .385  .399  .412  .422  .430  .434  .434  .430  .424  .414  .404  .392  .379  .365  .348  .346  .318  .314  .253  .227  .194  .157  .105  .066  .026  .983  .025  .150  .948  .962  .991  .014  .029  .062  .137  .239  .348  .431  .456  
  
